MAIT = 28.719613087221,77.065806967449,100km
DELHI = 28.6667,77.2167,100km
MUMBAI = 19.075984,72.877656,100km
